[[], [[2, 11]], [[1, 11]]]
[[], [[2, 11]], [[1, 11]]]
[[], [[2, 11]], [[1, 11]]]
[[], [[2, 11]], [[1, 11]]]
[[], [[2, 11]], [[1, 11]]]
[[], [[2, 11]], [[1, 11]]]
[[], [[2, 11]], [[1, 11]]]
[[], [[2, 11]], [[1, 11]]]
[[], [[2, 11]], [[1, 11]]]
[[], [[2, 11]], [[1, 11]]]
[[], [[2, 11]], [[1, 11]]]
[[], [[2, 11]], [[1, 11]]]
[[], [], [[1, 11]]]
[[], [[0, 12], [2, 11]], [[1, 11]]]
[[], [[0, 12]], []]
[[[1, 12]], [[0, 12], [2, 11]], [[1, 11], [3, 13]], [[2, 13]]]
[[], [[2, 11]], [[1, 11], [3, 13]], [[2, 13]]]
[[[1, 11]], [[0, 11], [2, 13]], [[1, 13]], [[4, 234]], [[3, 234]]]
[[[1, 11]], []]
[[[1, 11]], []]
[[[1, 11], [1, 12]], [[0, 12]]]
[[[1, 11], [2, 12]], [], [[0, 12]]]
[[[1, 11], [2, 12]], [], []]
[[[1, 11]], [], []]
[[[1, 11], [2, 12]], [], [[0, 12]]]
[[[1, 11], [2, 12]], [], []]
[[[1, 11], [2, 12]], [], [[0, 12]]]
[[[1, 11], [2, 12]], [], [[0, 12]]]
[[[1, 11], [2, 12], [2, 13333]], [], [[0, 12], [0, 13333]]]
[[[2, 13333], [1, 11]], [[0, 11]], [[0, 13333]]]
[[[2, 13333], [1, 11]], [[0, 11]], [[0, 13333]]]
[[[2, 13333], [1, 123]], [[0, 123]], [[0, 13333]]]
[[[1, 13333], [2, 123], [3, 44]], [[0, 13333]], [[0, 123]], []]
[[[1, 13333], [2, 123], [3, 44]], [[0, 13333]], [[0, 123]], [[0, 44]]]
[[[1, 13333], [2, 123], [3, 55]], [[0, 13333]], [[0, 123]], [[0, 44]]]
[[[1, 13333], [2, 123], [3, 66]], [[0, 13333]], [[0, 123]], [[0, 66]]]
[[[1, 13333], [2, 123]], [[0, 13333]], [[0, 123]], [[0, 66]]]
[[[1, 13333], [2, 123]], [[0, 13333]], [[0, 123]], []]
[[[1, 13333], [2, 123], [3, 44]], [[0, 13333]], [[0, 123]], [[0, 44]]]
[[[1, 13333], [2, 123]], [[0, 13333]], [[0, 123]], []]
[[[1, 13333], [3, 123], [9, 44]], [[0, 13333]], [], [[0, 123]], [], [], [], [], [], []]
[[[1, 13333], [3, 123]], [[0, 13333]], [], [[0, 123]], [], [], [], [], [], []]
[[[1, 13333], [2, 123], [3, 44]], [[0, 13333]], [[0, 123]], []]
